
Variable in1
  Vertex 25.0 7.0 24.999 7.0 25.001 7.0
  Vertex 64.0 21.0 26.0 20.27225 224.0 21.72775
  Vertex 419.0 0.6835842 310.0 0.5230837 514.999 0.84408474
  Vertex 521.0 16.75225 474.0 16.591751 545.0 16.91275
  Vertex 549.0 9.610001 525.0 9.931001 573.0 9.2890005
  Vertex 636.0 15.869501 615.0 11.134752 657.0 20.60425
  Vertex 880.875 5.1202545 880.874 5.1202545 880.876 5.1202545
  Vertex 1313.7188 7.7294893 1313.7178 7.7294893 1313.7197 7.7294893
  Vertex 1539.0 19.884571 1534.5 19.884571 1543.5 19.884571
  Vertex 1731.375 11.473174 1731.374 11.473174 1731.376 11.473174
  Vertex 2288.25 16.89042 2288.249 16.89042 2288.251 16.89042
  Vertex 2376.0 0.015232086 2375.999 0.015232086 2376.001 0.015232086

Variable in2
  Vertex 2.0 19.0 1.999 19.0 2.001 19.0
  Vertex 197.4375 3.3123627 84.4375 3.0503635 310.4375 3.5743618
  Vertex 371.0 14.45195 323.0 14.3824005 419.0 14.5215
  Vertex 445.0 12.782749 403.0 12.852299 487.0 12.7132
  Vertex 546.0 17.51215 515.0 17.51215 577.0 17.51215
  Vertex 578.0 6.8709993 547.0 7.079649 613.0 6.6623497
  Vertex 797.34375 12.682874 763.34375 12.543774 831.34375 12.821974
  Vertex 926.4375 4.4716015 926.4365 4.4716015 926.4385 4.4716015
  Vertex 1053.0 14.155621 1046.25 14.089613 1059.75 14.221628
  Vertex 1480.7812 0.24406242 1116.2812 -0.21798229 1800.5615 0.70610714
  Vertex 2004.75 11.330429 1893.375 11.462442 2116.125 11.198416
  Vertex 2255.3438 14.518334 2131.3135 14.25431 2343.9365 14.782359
  Vertex 2399.625 0.94332886 2325.375 1.0753412 2434.999 0.8113165
  Vertex 2435.0 0.041461945 2434.999 0.041461945 2435.001 0.041461945

Variable in3
  Vertex 4.0 8.0 3.999 8.0 4.001 8.0
  Vertex 75.9375 17.528881 75.9365 17.528881 75.9385 17.528881
  Vertex 120.0 10.047001 119.999 10.047001 120.001 10.047001
  Vertex 280.96875 11.47201 280.96774 11.47201 280.96976 11.47201
  Vertex 318.9375 6.2120953 280.96976 6.238844 327.1875 6.1853466
  Vertex 433.0 12.427751 432.84476 12.401001 523.0 12.4545
  Vertex 668.25 2.0265322 619.25 2.1067824 694.46875 1.9462824
  Vertex 1230.1875 16.922598 1230.1865 16.922598 1230.1885 16.922598
  Vertex 1488.375 9.74264 1230.1885 13.648139 1731.375 5.8371396
  Vertex 1771.875 11.759001 1731.375 11.384501 1812.375 12.1335
  Vertex 1930.5 9.833 1775.25 9.85975 2085.75 9.806251
  Vertex 2202.1875 7.4606714 2094.1875 7.353671 2310.1875 7.567672
  Vertex 2369.25 10.2075 2369.249 10.2075 2369.251 10.2075
  Vertex 2519.0 0.1986103 2518.999 0.1986103 2519.001 0.1986103

Variable out1
  Vertex 2.0 19.0 1.999 19.0 2.001 19.0
  Vertex 166.0 4.0 137.0 4.0 195.0 4.0
  Vertex 381.0 11.6657505 300.0 11.986751 410.0615 11.34475
  Vertex 463.21875 0.6604576 449.21875 0.6604576 477.21875 0.6604576
  Vertex 640.0 0.66954994 627.0 -0.67808056 653.0 2.0171804
  Vertex 701.0 16.313416 700.0 14.30205 702.0 18.324781
  Vertex 705.0 3.6820383 704.999 3.6820383 705.001 3.6820383
  Vertex 865.6875 1.6403694 774.5625 0.21495056 956.8125 3.0657883
  Vertex 1541.5312 12.62905 1374.4688 15.34255 1708.5938 9.91555
  Vertex 1830.0938 5.5940495 1556.7188 5.6945496 2118.6562 5.4935493
  Vertex 2521.125 18.458052 2521.124 18.458052 2521.126 18.458052

Variable out2
  Vertex 2.0 18.0 1.999 18.0 2.001 18.0
  Vertex 23.0 1.0 22.999 1.0 23.001 1.0
  Vertex 89.0 12.1435 88.999 12.1435 89.001 12.1435
  Vertex 171.0 0.59284973 170.999 0.59284973 171.001 0.59284973
  Vertex 336.0 17.032162 335.999 17.032162 336.001 17.032162
  Vertex 346.0 0.6415882 345.999 0.6415882 346.001 0.6415882
  Vertex 384.0 8.650619 383.999 8.650619 384.001 8.650619
  Vertex 403.0 0.9209728 402.999 0.9209728 403.001 0.9209728
  Vertex 517.0 15.355854 416.0 18.149702 583.999 12.562006
  Vertex 584.0 1.5813007 583.999 1.5813007 584.001 1.5813007
  Vertex 630.0 10.128854 629.999 10.128854 630.001 10.128854
  Vertex 694.0 3.1780958 655.0 4.493105 699.999 1.8630867
  Vertex 700.0 7.4988375 699.999 7.4988375 700.001 7.4988375
  Vertex 931.0 15.388886 813.0 16.985683 949.999 13.79209
  Vertex 950.0 1.2055836 949.999 1.2055836 950.001 1.2055836
  Vertex 984.0 5.150608 983.0 5.150608 985.0 5.150608
  Vertex 1076.0 0.07843399 1075.999 0.07843399 1076.001 0.07843399
  Vertex 1511.0 11.537424 1422.0 -0.5477371 1600.0 23.622585
  Vertex 1602.0 1.9768543 1600.0 8.442415 1604.0 -4.4887066

Variable out3
  Vertex 2.0 1.0 1.999 1.0 2.001 1.0
  Vertex 58.0 23.0 15.0 25.0 69.999 21.0
  Vertex 73.0 0.19309616 72.999 0.19309616 73.001 0.19309616
  Vertex 132.0 0.047510147 131.999 0.047510147 132.001 0.047510147
  Vertex 161.0 9.798399 160.999 9.798399 161.001 9.798399
  Vertex 168.0 17.245598 167.999 17.245598 168.001 17.245598
  Vertex 185.0 0.8103981 184.999 0.8103981 185.001 0.8103981
  Vertex 208.0 8.64299 187.0 6.313531 226.999 10.972449
  Vertex 227.0 0.74871445 226.999 0.74871445 227.00098 0.74871445
  Vertex 313.0 2.9597569 300.94232 -2.2124882 313.4057 3.1337876
  Vertex 383.0 4.5606995 382.7396 4.370646 391.0 10.399197
  Vertex 399.0 16.83713 388.001 17.675888 449.0 15.998371
  Vertex 520.0 17.536095 519.999 17.536095 520.001 17.536095
  Vertex 577.0 20.891129 576.999 20.891129 577.001 20.891129
  Vertex 597.0 0.19309616 589.0 0.24899864 616.0 0.13719368
  Vertex 708.0 0.047510147 703.0 -0.13751411 713.0 0.23253441
  Vertex 914.0 12.160779 836.0 12.900871 982.999 11.420687
  Vertex 983.0 5.4999466 978.0 5.3149223 988.0 5.684971
  Vertex 996.0 18.63659 995.999 18.63659 996.001 18.63659
  Vertex 1020.0 3.464693 1017.0 3.464693 1023.0 3.464693
  Vertex 1069.0 12.345802 1068.999 12.345802 1069.001 12.345802
  Vertex 1110.0 5.1299 1070.0 6.6100845 1150.0 3.6497154
  Vertex 1151.0 16.97138 1150.999 16.97138 1151.001 16.97138
  Vertex 1200.0 8.64534 1199.999 8.64534 1200.001 8.64534

Variable out4
  Vertex 1.0 7.0 0.999 7.0 1.001 7.0
  Vertex 31.0 16.0 20.0 9.0 42.0 23.0
  Vertex 205.0 4.4145317 185.0 11.604933 225.0 -2.7758684
  Vertex 287.0 0.85811996 286.999 0.85811996 287.001 0.85811996
  Vertex 318.0 1.2532768 317.999 1.2532768 318.001 1.2532768
  Vertex 336.0 5.749813 335.999 5.749813 336.001 5.749813
  Vertex 353.0 18.071878 352.999 18.071878 353.001 18.071878
  Vertex 358.0 9.324153 357.999 9.324153 358.001 9.324153
  Vertex 373.0 12.334123 372.999 12.334123 373.001 12.334123
  Vertex 383.0 7.7251062 382.0 7.7251062 384.0 7.7251062
  Vertex 409.0 15.532216 408.999 15.532216 409.001 15.532216
  Vertex 426.0 7.34886 425.999 7.34886 426.001 7.34886
  Vertex 431.0 10.35883 430.999 10.35883 431.001 10.35883
  Vertex 451.0 5.185444 450.999 5.185444 451.001 5.185444
  Vertex 465.0 19.054966 464.999 19.054966 465.001 19.054966
  Vertex 480.0 0.06781006 479.0 0.06781006 481.0 0.06781006
  Vertex 579.0 0.06781006 517.0 -6.3341017 641.0 6.469722
  Vertex 646.0 1.4093304 645.999 1.4093304 646.001 1.4093304
  Vertex 664.0 18.334257 663.999 18.334257 664.001 18.334257
  Vertex 901.0 3.2024364 881.0 15.215485 921.0 -8.810612
  Vertex 1116.0 12.3816185 1112.0 20.040024 1120.0 4.723213
  Vertex 1171.0 3.1915321 1170.999 3.1915321 1171.001 3.1915321
  Vertex 1191.0 18.167969 1190.999 18.167969 1191.001 18.167969
  Vertex 1200.0 10.16919 1199.999 10.16919 1200.001 10.16919
  Vertex 1491.0 5.574148 1419.0 42.504677 1563.0 -31.35638

Variable in4
  Vertex 4.0 2.0 3.999 2.0 4.001 2.0
  Vertex 20.0 17.0 19.999 17.0 20.001 17.0
  Vertex 232.0 0.27747536 57.0 0.27747536 407.0 0.27747536
  Vertex 468.0 11.865049 467.999 11.865049 468.001 11.865049
  Vertex 530.0 7.642046 529.999 7.642046 530.001 7.642046
  Vertex 607.0 19.352882 595.0 25.168478 629.0 13.537286
  Vertex 675.0 0.27747536 674.0 0.27747536 676.0 0.27747536
  Vertex 699.0 0.27747536 698.999 0.27747536 699.001 0.27747536
  Vertex 701.0 3.4102364 700.999 3.4102364 701.001 3.4102364
  Vertex 704.0 19.670341 703.999 19.670341 704.001 19.670341
  Vertex 814.0 6.925935 803.0 13.7376 825.0 0.11426926
  Vertex 897.0 3.8264294 832.0 -1.8209801 962.0 9.473839
  Vertex 1009.0 15.678935 1006.0 24.033945 1012.0 7.323925
  Vertex 1041.0 5.265444 1040.999 5.265444 1041.001 5.265444
  Vertex 1095.0 17.010893 1068.0 23.065247 1122.0 10.956538
  Vertex 1152.0 5.7046146 1151.999 5.7046146 1152.001 5.7046146
  Vertex 1197.0 17.820473 1196.0 12.761103 1198.0 22.879843
  Vertex 1219.0 14.625082 1218.0 20.61644 1220.0 8.633723
  Vertex 1246.0 2.6423645 1241.0 2.3760815 1251.0 2.9086475
  Vertex 1337.0 10.630843 1336.999 10.630843 1337.001 10.630843
  Vertex 1376.0 4.506344 1372.0 4.1069202 1380.0 4.9057674
  Vertex 1454.0 16.888485 1439.0 10.098278 1469.0 23.678692
  Vertex 1594.0 0.97888374 1583.0 4.935158 1605.0 -2.9773903
  Vertex 1636.0 2.0885983 1621.0 4.512968 1651.0 -0.33577156
  Vertex 1676.0 1.5181599 1670.0 -0.05055046 1682.0 3.0868702
  Vertex 1717.0 5.796459 1706.0 9.219099 1728.0 2.3738194
  Vertex 1745.0 1.2329388 1734.0 0.37727928 1756.0 2.0885983

Variable in8
  Vertex 0.0 0.020407915 -9.999275E-4 0.020407915 9.999275E-4 0.020407915
  Vertex 111.0 0.0 110.999 0.0 111.001 0.0
  Vertex 271.0 19.84179 270.999 19.84179 271.001 19.84179
  Vertex 380.0 5.7755623 379.999 5.7755623 380.001 5.7755623
  Vertex 571.0 19.84179 570.999 19.84179 571.001 19.84179
  Vertex 662.0 0.26786423 661.999 0.26786423 662.001 0.26786423
  Vertex 930.0 0.11322975 929.999 0.11322975 930.001 0.11322975
  Vertex 1031.0 19.693968 1030.999 19.693968 1031.001 19.693968
  Vertex 1040.0 8.972457 1039.999 8.972457 1040.001 8.972457
  Vertex 1088.0 11.626296 1087.999 11.626296 1088.001 11.626296
  Vertex 1132.0 2.178629 1131.999 2.178629 1132.001 2.178629
  Vertex 1197.0 16.084745 1196.999 16.084745 1197.001 16.084745
  Vertex 1208.0 6.106311 1207.999 6.106311 1208.001 6.106311
  Vertex 1285.0 13.112446 1284.999 13.112446 1285.001 13.112446
  Vertex 1350.0 1.329401 1349.999 1.329401 1350.001 1.329401
  Vertex 1591.0 0.5863247 1590.999 0.5863247 1591.001 0.5863247
  Vertex 1629.0 3.4524727 1628.999 3.4524727 1629.001 3.4524727
  Vertex 1642.0 2.0724754 1641.999 2.0724754 1642.001 2.0724754
  Vertex 1709.0 13.218599 1708.999 13.218599 1709.001 13.218599
  Vertex 1738.0 6.849386 1737.999 6.849386 1738.001 6.849386
  Vertex 1772.0 20.330889 1771.999 20.330889 1772.001 20.330889